# Solaris:
#
# pig_0:~ $ iostat -xz
#                   extended device statistics                   
# device       r/s    w/s   kr/s   kw/s wait actv  svc_t  %w  %b 
# md0          0.0    0.0    0.1    0.0  0.0  0.0   21.6   0   0 
# md1          0.0    0.0    0.0    0.0  0.0  0.0    9.4   0   0 
# md3          0.0    0.0    0.3    0.1  0.0  0.0   28.1   0   0 
# md4          0.0    0.4    0.2    1.3  0.0  0.0   34.3   0   0 
# md10         0.0    0.0    0.1    0.0  0.0  0.0   20.0   0   0 
# md11         0.0    0.0    0.0    0.0  0.0  0.0    9.6   0   0 
# md13         0.0    0.0    0.2    0.1  0.0  0.0   24.6   0   0 
# md14         0.0    0.4    0.1    1.3  0.0  0.0   23.8   0   0 
# md15         0.0    0.0    0.4    0.1  0.0  0.0   25.2   0   0 
# md20         0.0    0.0    0.1    0.0  0.0  0.0   20.9   0   0 
# md21         0.0    0.0    0.0    0.0  0.0  0.0    8.9   0   0 
# md23         0.0    0.0    0.2    0.1  0.0  0.0   25.4   0   0 
# md24         0.0    0.4    0.1    1.3  0.0  0.0   26.6   0   0 
# md25         0.0    0.0    0.4    0.1  0.0  0.0   29.1   0   0 
# md40         0.0    0.0    0.7    0.1  0.0  0.0   25.6   0   0 
# md60         0.0    0.0    0.7    0.1  0.0  0.0   25.6   0   0 
# md61         0.0    0.0    0.0    0.0  0.0  0.0   21.3   0   0 
# md62         0.0    0.0    0.0    0.0  0.0  0.0   15.4   0   0 
# md63         0.0    0.0    0.0    0.0  0.0  0.0   16.6   0   0 
# md64         0.0    0.0    0.0    0.0  0.0  0.0   15.0   0   0 
# sd0          0.0    0.8    0.7    1.7  0.0  0.0   20.7   0   1 
# sd1          0.0    0.5    0.7    1.5  0.0  0.0   26.5   0   0 

# Linux:
# kage$ iostat -pm 2 3 
# avg-cpu:  %user   %nice %system %iowait  %steal   %idle
#            5.06    0.00    1.81    6.62    0.00   86.50
# 
# Device:            tps    MB_read/s    MB_wrtn/s    MB_read    MB_wrtn
# cciss/c0d0      214.00         0.60         1.06          1          2
# cciss/c0d0p1      0.00         0.00         0.00          0          0
# cciss/c0d0p2    294.00         0.53         0.89          1          1
# dm-0              0.00         0.00         0.00          0          0
# dm-1              0.00         0.00         0.00          0          0
# dm-2              0.00         0.00         0.00          0          0
# dm-3              0.00         0.00         0.00          0          0
# dm-4              0.00         0.00         0.00          0          0
# dm-5              0.00         0.00         0.00          0          0
# dm-6              0.00         0.00         0.00          0          0
# dm-11             0.00         0.00         0.00          0          0
# dm-12             0.00         0.00         0.00          0          0
# dm-14             0.00         0.00         0.00          0          0
# dm-15             0.00         0.00         0.00          0          0
# dm-16             0.00         0.00         0.00          0          0
# dm-18             0.00         0.00         0.00          0          0
# sda               0.00         0.00         0.00          0          0
# sdb               0.00         0.00         0.00          0          0
# sdb1              0.00         0.00         0.00          0          0
# dm-22             0.00         0.00         0.00          0          0
# dm-13            88.50         0.23         0.18          0          0
# dm-17            74.50         0.43         0.00          0          0
# dm-19            70.50         0.00         0.38          0          0
# dm-20             0.00         0.00         0.00          0          0
# dm-21             0.00         0.00         0.00          0          0
# dm-23             0.00         0.00         0.00          0          0
# dm-7              0.00         0.00         0.00          0          0
# dm-8             40.50         0.10         0.06          0          0
# dm-9             24.50         0.10         0.00          0          0
# dm-10           124.50         0.00         0.52          0          1
